9
40
-0.368130 -0.500000 0.476556
-0.372005 -0.468656 0.474585
-0.373926 -0.438727 0.473995
-0.375014 -0.410349 0.473489
-0.375464 -0.383284 0.473009
-0.375471 -0.357292 0.472499
-0.375230 -0.332135 0.471903
-0.374934 -0.307574 0.471164
-0.374781 -0.283370 0.470226
-0.374902 -0.259185 0.469097
-0.375191 -0.234293 0.468047
-0.375476 -0.207868 0.467412
-0.375590 -0.179085 0.467525
-0.375412 -0.147696 0.468596
-0.375022 -0.115769 0.470329
-0.374550 -0.085948 0.472301
-0.374125 -0.060880 0.474090
-0.373836 -0.042089 0.475365
-0.373616 -0.026614 0.476174
-0.373356 -0.010375 0.476655
-0.372952 0.010665 0.476946
-0.372404 0.037907 0.477141
-0.371881 0.068664 0.477263
-0.371568 0.099900 0.477328
-0.371628 0.128788 0.477352
-0.371996 0.154953 0.477336
-0.372460 0.179605 0.477269
-0.372807 0.203978 0.477142
-0.372891 0.229126 0.476951
-0.372847 0.255376 0.476713
-0.372879 0.282874 0.476454
-0.373192 0.311766 0.476199
-0.373886 0.341954 0.475971
-0.374644 0.372360 0.475799
-0.375045 0.401666 0.475709
-0.374667 0.428550 0.475728
-0.373090 0.451692 0.475884
-0.369893 0.469772 0.476204
-0.364654 0.481469 0.476716
-0.356251 0.489712 0.477110
19
0.053192 -0.500000 0.472482
0.031630 -0.499642 0.470934
0.007891 -0.499463 0.470863
-0.017876 -0.499419 0.471521
-0.044411 -0.499410 0.472654
-0.070452 -0.499338 0.474006
-0.094739 -0.499104 0.475326
-0.116012 -0.498610 0.476358
-0.133250 -0.497779 0.476872
-0.148247 -0.496797 0.476913
-0.164608 -0.496016 0.476703
-0.185932 -0.495790 0.476464
-0.213486 -0.496241 0.476326
-0.244930 -0.497142 0.476266
-0.277612 -0.498234 0.476252
-0.308878 -0.499256 0.476250
-0.336078 -0.499951 0.476228
-0.356559 -0.500059 0.476151
-0.368130 -0.500000 0.476556
17
0.055742 -0.185847 0.463258
0.058544 -0.192618 0.469282
0.060065 -0.205607 0.472863
0.060607 -0.224868 0.474915
0.060455 -0.248784 0.475858
0.059892 -0.275742 0.476108
0.059202 -0.304126 0.476085
0.058656 -0.332354 0.476178
0.058375 -0.359219 0.476447
0.058381 -0.383758 0.476739
0.058695 -0.405022 0.476898
0.059201 -0.422864 0.476828
0.059572 -0.438378 0.476522
0.059464 -0.452762 0.475984
0.058534 -0.467215 0.475217
0.056439 -0.482937 0.474223
0.053192 -0.500000 0.472482
11
-0.157078 -0.171238 0.475219
-0.148519 -0.178661 0.473090
-0.124978 -0.183424 0.469702
-0.093624 -0.185597 0.465940
-0.059623 -0.186120 0.462345
-0.028144 -0.185932 0.459455
-0.003924 -0.185912 0.457776
0.013313 -0.186236 0.457432
0.027079 -0.186628 0.458296
0.040939 -0.186806 0.460240
0.055742 -0.185847 0.463258
34
-0.166472 0.500000 0.435947
-0.165070 0.503013 0.439505
-0.163077 0.499993 0.447069
-0.161468 0.490703 0.454502
-0.160208 0.476579 0.461503
-0.159259 0.459061 0.467773
-0.158586 0.439587 0.473011
-0.158151 0.419595 0.476917
-0.157919 0.400524 0.479192
-0.157845 0.383297 0.479682
-0.157863 0.366776 0.478828
-0.157899 0.349307 0.477217
-0.157877 0.329238 0.475434
-0.157731 0.305073 0.474036
-0.157486 0.277144 0.473198
-0.157221 0.246965 0.472851
-0.157019 0.216069 0.472925
-0.156962 0.185979 0.473347
-0.157067 0.157675 0.474016
-0.157259 0.131296 0.474794
-0.157452 0.106905 0.475534
-0.157559 0.084569 0.476092
-0.157524 0.064164 0.476357
-0.157405 0.044820 0.476354
-0.157289 0.025478 0.476141
-0.157262 0.005078 0.475777
-0.157384 -0.017153 0.475320
-0.157611 -0.040851 0.474843
-0.157870 -0.065368 0.474418
-0.158088 -0.090056 0.474117
-0.158195 -0.114266 0.474015
-0.158119 -0.137349 0.474184
-0.157787 -0.158657 0.474696
-0.157078 -0.171238 0.475219
11
-0.157078 0.484157 0.165862
-0.158036 0.490443 0.193781
-0.158221 0.493908 0.223332
-0.158119 0.495800 0.254524
-0.157904 0.496744 0.285021
-0.157750 0.497368 0.312485
-0.157838 0.498245 0.334913
-0.158425 0.499342 0.354171
-0.159816 0.500235 0.374628
-0.162318 0.500492 0.400691
-0.166472 0.500000 0.435947
47
0.258388 0.500000 -0.403792
0.273343 0.500063 -0.391491
0.284758 0.500092 -0.381676
0.296445 0.499939 -0.369321
0.308160 0.499599 -0.354700
0.319664 0.499064 -0.338085
0.330713 0.498330 -0.319751
0.341066 0.497391 -0.299972
0.350481 0.496241 -0.279020
0.358718 0.494890 -0.257178
0.365550 0.493532 -0.234835
0.370762 0.492482 -0.212445
0.374136 0.492053 -0.190466
0.375458 0.492557 -0.169347
0.374640 0.494021 -0.149059
0.371791 0.496034 -0.128834
0.367037 0.498146 -0.107841
0.360505 0.499910 -0.085248
0.352346 0.500952 -0.060644
0.342827 0.501211 -0.035288
0.332237 0.500702 -0.010862
0.320870 0.499440 0.010953
0.308960 0.497527 0.028957
0.296518 0.495407 0.043860
0.283500 0.493612 0.056853
0.269859 0.492675 0.069124
0.255486 0.492955 0.081575
0.240012 0.494131 0.093952
0.223001 0.495708 0.105712
0.204019 0.497192 0.116312
0.182832 0.498200 0.125322
0.160005 0.498793 0.132762
0.136301 0.499143 0.138763
0.112486 0.499422 0.143457
0.089267 0.499786 0.146974
0.066717 0.500195 0.149419
0.044495 0.500486 0.150880
0.022253 0.500494 0.151447
-0.000349 0.500054 0.151210
-0.023352 0.499091 0.150388
-0.046324 0.497667 0.149396
-0.068794 0.495856 0.148668
-0.090290 0.493732 0.148637
-0.110340 0.491369 0.149736
-0.128475 0.488841 0.152399
-0.144221 0.486221 0.157058
-0.157078 0.484157 0.165862
29
-0.363559 0.500000 -0.473533
-0.351090 0.500150 -0.472228
-0.334519 0.500162 -0.472180
-0.315230 0.499955 -0.472705
-0.293725 0.499592 -0.473622
-0.270504 0.499137 -0.474750
-0.246067 0.498653 -0.475908
-0.220913 0.498203 -0.476912
-0.195545 0.497850 -0.477582
-0.170232 0.497652 -0.477788
-0.144327 0.497642 -0.477603
-0.116951 0.497846 -0.477152
-0.087228 0.498293 -0.476562
-0.054832 0.498968 -0.475950
-0.021643 0.499692 -0.475412
0.009903 0.500247 -0.475033
0.037375 0.500413 -0.474901
0.059088 0.500045 -0.475020
0.076357 0.499301 -0.475059
0.091245 0.498416 -0.474604
0.105817 0.497622 -0.473238
0.121750 0.497111 -0.470594
0.139174 0.496897 -0.466478
0.157833 0.496954 -0.460744
0.177471 0.497255 -0.453244
0.197831 0.497772 -0.443831
0.218657 0.498479 -0.432359
0.239693 0.499348 -0.418679
0.258388 0.500000 -0.403792
40
-0.356251 0.489712 0.477110
-0.367150 0.492831 0.457763
-0.372561 0.494780 0.437099
-0.375388 0.496421 0.413478
-0.376257 0.497658 0.387550
-0.375791 0.498396 0.359963
-0.374615 0.498540 0.331368
-0.373352 0.497994 0.302415
-0.372627 0.496663 0.273754
-0.372880 0.494540 0.246062
-0.373812 0.491974 0.220129
-0.374941 0.489399 0.196774
-0.375784 0.487251 0.176814
-0.375986 0.485868 0.160546
-0.375706 0.485188 0.146189
-0.375231 0.485051 0.131441
-0.374848 0.485298 0.113997
-0.374773 0.485809 0.092141
-0.374936 0.486628 0.066481
-0.375198 0.487837 0.038212
-0.375421 0.489519 0.008527
-0.375502 0.491599 -0.021442
-0.375399 0.493765 -0.050654
-0.375074 0.495681 -0.078080
-0.374498 0.497041 -0.102811
-0.373735 0.497859 -0.125386
-0.372912 0.498358 -0.147279
-0.372155 0.498763 -0.169977
-0.371580 0.499245 -0.194562
-0.371266 0.499755 -0.220494
-0.371280 0.500192 -0.246826
-0.371689 0.500452 -0.272612
-0.372496 0.500464 -0.297164
-0.373444 0.500284 -0.320824
-0.374210 0.499997 -0.344190
-0.374470 0.499692 -0.367861
-0.373903 0.499455 -0.392438
-0.372186 0.499371 -0.418519
-0.368996 0.499528 -0.446704
-0.363559 0.500000 -0.473533
